Problem: 29
Algorithm: WFA, tau= 0.0001, basis size=51
KL: 34.5699670568
Runtime: 0.356428571429
