Problem: 27
Algorithm: WFA, tau= 1e-05, basis size=51
KL: 102.849683493
Runtime: 0.720714285714
