Problem: 39
Algorithm: WFA, tau= 1e-05, basis size=201
WER: 0.83435415816
Runtime: 33.5073333333
