Problem: 6
Algorithm: WFA, tau= 1e-05, basis size=201
WER: 0.780510204082
Runtime: 21.9973333333
