Problem: 6
Algorithm: size= 20
WER: 0.482193877551
Runtime: 630.937322378
