Problem: 45
Algorithm: string, size= 2, basis size=10001
WER: 0.802206746857
Runtime: 3.23851851852
