Problem: 27
Algorithm: string, size= 50, basis size=10001
WER: 0.831700993807
Runtime: 3.5862962963
