Problem: 46
Algorithm: string, size= 2, basis size=10001
KL: 44.1177512031
Runtime: 1.23185185185
