Problem: 42
Algorithm: string, size= 12, basis size=10001
KL: 829805.306762
Runtime: 3.26148148148
