Problem: 29
Algorithm: string, size= 70, basis size=10001
WER: 0.656666167889
Runtime: 6.29481481481
