Problem: 33
Algorithm: string, size= 3, basis size=10001
KL: 51.144991854
Runtime: 1.79518518519
