Problem: 14
Algorithm: string, size= 6, basis size=10001
WER: 0.700159151194
Runtime: 3.58481481481
