Problem: 33
Algorithm: size= 4, basis size=10001
KL: 60.045165739
Runtime: 82.0728571429
