Problem: 27
Algorithm: size= 7, basis size=10001
WER: 0.92179173268
Runtime: 21.9185714286
