Problem: 6
Algorithm: size= 5, basis size=10001
WER: 0.596530612245
Runtime: 78.0833333333
