Problem: 14
Algorithm: size= 3, basis size=10001
KL: 253.446677289
Runtime: 9.14142857143
