Problem: 14
Algorithm: size= 3, basis size=10001
WER: 0.893899204244
Runtime: 9.69142857143
