Problem: 7
Algorithm: substring, size= 20, basis size=501
WER: 0.505894656779
Runtime: 0.0551851851852
