Problem: 39
Algorithm: substring, size= 30, basis size=501
WER: 0.619912889615
Runtime: 0.0925925925926
