Problem: 42
Algorithm: PNFA, tau= 0.001, basis size=51
KL: 1.23870866722e+11
Runtime: 0.452857142857
